1.680859533409488336e+02
1.790696921417314798e+02
1.633771865210504473e+02
1.779084734482829333e+02
1.711623077709652989e+02
1.664481394393426683e+02
1.761105633539359872e+02
1.623242242615787063e+02
1.713172907416541193e+02
1.610788962478047779e+02
1.734951806547251749e+02
1.798456904713895597e+02
1.602144240443782337e+02
1.726354217441885908e+02
1.791812356418397201e+02
1.686417019667322279e+02
1.697686050770695374e+02
1.743705031882806793e+02
1.791078189570031043e+02
1.631102580097859516e+02
1.781173291980378224e+02
1.706590796061114474e+02
1.618355303684574835e+02
1.614208493163518199e+02
1.733366721901603000e+02
