1.413577431388592265e+00
1.487141581286840042e+00
7.253120403973528640e-01
9.617736825093020636e-01
9.103758965963357763e-01
9.373427082212095751e-01
7.571189371288166159e-01
8.084724205782034545e-01
6.959661103180262431e-01
7.293329257176109914e-01
1.303097087463349846e+00
1.321475780357706631e+00
1.470938177046278605e+00
7.888728302420726646e-01
6.563269281274487499e-01
8.440790469026553389e-01
8.550438735573322457e-01
7.869885268615400831e-01
1.097424843508263415e+00
1.452725612951764278e+00
1.322261990864345815e+00
8.745098499208165954e-01
6.070301590925617496e-01
6.122429477108194407e-01
1.387244050184619271e+00
