1.740093221941130253e+02
1.706673549921197264e+02
1.581452720768067763e+02
1.550138948374346910e+02
1.707738441852120559e+02
1.671048527266827932e+02
1.635154262769382001e+02
1.594250171899024338e+02
1.601352782145958145e+02
1.631023165296887498e+02
1.742598697390666302e+02
1.579206909367114520e+02
1.567311906390328602e+02
1.604672002685173595e+02
1.698079497291554389e+02
1.580939522394863843e+02
1.737085884702220255e+02
1.685023387461052664e+02
1.720649591795794322e+02
1.654266638387700823e+02
