2.104047624362110724e+01
2.214505705349491294e+01
2.212186675921703483e+01
2.492535864737680029e+01
2.201756902482831890e+01
2.434017980853419161e+01
1.878894787100280439e+01
2.494404681787230516e+01
2.312366069814355996e+01
2.374317199924230692e+01
2.035372047587322442e+01
2.134850098538635876e+01
1.963175282639819486e+01
2.282032415222951371e+01
1.873935666979195247e+01
1.870505993044628568e+01
2.458811572683564606e+01
1.813609823194660464e+01
1.775829795746839679e+01
1.503277761428386228e+01
