1.876490728268052521e+01
1.568754886861016296e+01
1.501722439040114310e+01
1.204543675080983078e+01
1.346658316327448723e+01
2.015846113613701718e+01
2.074415648901005937e+01
1.278632284024859267e+01
1.689844215233210178e+01
1.473353992046978433e+01
1.543227091594773448e+01
1.659350824151955095e+01
1.675649845245409963e+01
2.168428799465421264e+01
1.330593870669198608e+01
2.060747451854946632e+01
1.675021517599597587e+01
1.851515950067351923e+01
1.372856187797851391e+01
1.467012501512176748e+01
1.605038095039671475e+01
1.466030783081408373e+01
1.318560205232100557e+01
1.802767653043887464e+01
1.364376512680640197e+01
