3.078856784466868390e+01
2.676725966065939488e+01
3.577269911135243774e+01
3.548423570436139585e+01
2.731085926444609058e+01
3.593278107364748308e+01
2.931063293456962526e+01
2.696259705835204912e+01
3.387955732423307609e+01
3.102811391344705783e+01
3.549386961831154963e+01
2.948392943944210742e+01
2.782688145249838740e+01
3.190006324741064603e+01
3.319826628694029580e+01
3.124769586193325566e+01
2.918547383312991883e+01
3.351463860684934559e+01
2.666235258865381397e+01
3.490387529331547967e+01
2.698873133357354348e+01
2.904903689378453890e+01
3.382911447454372222e+01
2.757997317151692585e+01
3.126720516919286297e+01
3.145548564794536617e+01
3.399511571055706582e+01
3.018116114390427995e+01
3.329673271187589023e+01
2.836688115169872049e+01
3.459864131155683253e+01
2.944658734677313561e+01
3.059446969044643794e+01
2.670395204776947295e+01
3.517744470983707572e+01
2.613119277657988704e+01
2.771411000711189843e+01
2.868055543610633507e+01
2.983415497189835008e+01
2.716393776245152125e+01
2.950810934727201840e+01
2.726396284987687579e+01
3.104091521495147532e+01
3.091666786470594630e+01
3.431634364143273075e+01
3.515956299712090782e+01
3.336137207438547136e+01
3.195509436325554731e+01
3.125513054934194201e+01
2.981814259025108527e+01
2.918552097425511604e+01
3.115589289960734831e+01
3.321428279156263841e+01
3.350787580419880385e+01
3.523617035328820890e+01
3.061092788115276875e+01
2.779310439506490127e+01
3.299717870280620957e+01
2.733131022229542140e+01
3.421725821811509149e+01
2.619476867710049106e+01
3.137968225965595082e+01
3.167199835013456521e+01
2.881512490010914362e+01
3.433522801702964955e+01
3.379194906162899059e+01
3.127803695938370154e+01
2.753986094509687987e+01
3.243183055302323226e+01
2.602601018817196987e+01
3.022162834967523537e+01
2.801907871523626525e+01
3.187724068264430244e+01
3.141808473871141061e+01
3.295530423702311396e+01
2.839516342238702862e+01
3.056649181575463103e+01
3.034171003314196469e+01
3.097833610615635536e+01
2.914020894530872141e+01
2.842632166210040978e+01
3.414549482567829131e+01
2.929085007947330510e+01
2.916772613461685637e+01
3.546734248098957210e+01
3.324041119320740023e+01
3.556837464498740076e+01
3.426002756808048133e+01
2.603246604937081443e+01
2.704547556667595742e+01
3.347979949396082588e+01
3.289623149621370146e+01
2.893189687312772307e+01
3.354541895141694141e+01
3.217165068302944064e+01
3.136734484308072979e+01
2.687369217445101199e+01
2.621417131425876690e+01
3.108065651352289294e+01
2.788085532843443559e+01
3.218596999086293664e+01
3.033927753776605485e+01
3.248867749735111943e+01
2.728304229006113246e+01
2.707315790229893437e+01
3.046387252957554281e+01
3.059374595828246868e+01
3.305227803818797128e+01
3.292345111728406692e+01
3.175780282425638745e+01
3.265113356771399111e+01
3.392155850718213372e+01
2.980797166790082287e+01
3.492346812413477153e+01
3.399416670826253295e+01
3.099565359239925044e+01
2.866191550745427108e+01
3.332922220126575041e+01
3.085221957681778093e+01
3.046734945064194733e+01
3.261549620833605445e+01
2.820810323836624178e+01
3.435623023047734392e+01
2.741483997803956996e+01
2.616026426651077230e+01
3.147112306533908566e+01
3.574226948950984450e+01
2.645125235858134616e+01
3.574202614382538457e+01
2.621128154128921040e+01
3.511178694168051351e+01
3.499391455521706007e+01
3.561156972162783063e+01
3.186868866734255334e+01
3.430077068849416833e+01
2.849905962622435851e+01
3.128081668762484924e+01
3.337597495660172342e+01
3.092854942609621460e+01
3.111662256418472694e+01
2.839360836467847449e+01
3.549801536802738156e+01
3.161201634696568874e+01
3.442851716512063120e+01
3.252486704930279870e+01
2.720000875509482086e+01
2.887148680991739980e+01
3.498448410110006535e+01
2.873133679372813987e+01
3.072994637444005050e+01
3.163477704202252738e+01
3.094803458897477100e+01
2.882516502232133959e+01
3.523006028291986524e+01
2.796437139214926049e+01
2.905022834948811905e+01
3.265430060238804799e+01
2.775015348864834763e+01
3.243223042898480912e+01
3.280894969651810555e+01
2.625868470098413354e+01
3.419977880273729198e+01
3.167842786448492731e+01
3.370906980597587221e+01
3.260665034410024532e+01
3.343873930604345190e+01
3.405743024055936985e+01
3.390119453772672387e+01
2.741416800740434567e+01
3.499489575741432645e+01
2.874727346974987086e+01
2.623437740113785921e+01
2.608843859883890914e+01
3.130258964804896493e+01
2.650726589213642370e+01
3.084532076319209892e+01
3.568315136704000423e+01
3.057969334696532115e+01
2.706040336778861644e+01
3.079102462717506938e+01
3.080936705726183789e+01
2.742603203798294231e+01
2.892013075112640763e+01
3.586758911766634128e+01
3.376720970664126753e+01
3.424383759886424627e+01
2.786407472943332309e+01
3.253456574610960672e+01
2.747510553747951079e+01
2.927763218270089141e+01
3.515176089342848087e+01
3.093972994113578068e+01
2.792989226998177088e+01
2.753899114412509519e+01
3.243388545186596161e+01
3.188900559363997189e+01
3.163652180308801221e+01
2.936719191342233870e+01
2.779256831992831067e+01
2.844970697155660133e+01
3.426980429485672630e+01
3.306383662442229365e+01
2.973051961359790241e+01
2.970704722604636672e+01
3.198015392106967880e+01
3.263585564311536302e+01
3.257496849399355909e+01
3.094710452664896394e+01
2.770493193157596323e+01
3.029771234764659837e+01
2.924909554577930137e+01
3.574279565847729856e+01
3.582144921026599604e+01
3.269971514896088394e+01
3.021239298738983337e+01
3.441121749952864661e+01
2.705803394156977504e+01
2.767189584786070355e+01
2.619438534937224361e+01
3.426563586394168937e+01
3.386463680567611334e+01
2.772434691253456762e+01
2.632054218261206557e+01
3.061816868412446979e+01
2.853240328800908188e+01
3.330611495955521661e+01
3.559171519914636406e+01
3.408337211587650017e+01
2.779868691990535368e+01
2.891864646162069619e+01
2.781568355577324780e+01
2.990727069397587812e+01
3.234747814288030554e+01
3.385655071726698395e+01
2.902951203898450672e+01
3.039754255393811988e+01
3.077120410307557563e+01
3.450086154785317660e+01
3.599476470888006219e+01
3.202002382233810351e+01
3.521682030647905037e+01
3.540768619003186757e+01
3.006929756852473901e+01
3.138788304005093011e+01
3.328476340513893916e+01
3.129903675437957489e+01
2.750794895500318660e+01
2.970192675155650264e+01
2.942567841711511178e+01
2.877152982392758673e+01
3.270616005861955244e+01
2.900182408175535187e+01
3.473337092144943483e+01
2.947950909057126623e+01
3.302910177272023162e+01
2.889561522028314400e+01
2.921500431199368109e+01
2.802646418685712604e+01
2.936160417061334371e+01
2.817257636136228527e+01
2.727892447223328176e+01
2.758750388410143373e+01
3.517885868708862063e+01
3.215236375602788144e+01
2.887878463374717342e+01
2.860872410990117487e+01
3.295934448465895628e+01
2.805406319192635323e+01
3.406526721378331501e+01
2.719264009131171633e+01
3.068368289424158490e+01
3.363907798609282196e+01
2.866918941976286561e+01
2.798344920460332474e+01
2.729736134606299203e+01
2.961851173531836423e+01
2.713871719675782046e+01
3.061022030472236821e+01
3.509019403322055553e+01
2.737748546160375795e+01
3.141088646296489628e+01
3.059215796302078871e+01
2.806083083464808681e+01
3.573225724046034202e+01
3.268935760666817458e+01
2.658574883025768543e+01
3.040866733368354602e+01
3.175709678197617691e+01
3.332154580482201567e+01
2.682333601496257458e+01
3.384661133795156474e+01
2.767912425178523250e+01
2.888828170118007321e+01
3.572492126753584785e+01
3.463145455513272708e+01
3.489726632919816751e+01
3.092304182217708330e+01
3.341602224739395410e+01
3.455631265756868231e+01
3.560706480162809839e+01
2.942212759974816905e+01
2.667952183349154538e+01
3.455562921251923569e+01
3.106483920693400336e+01
2.939137323316539963e+01
3.400036754050840671e+01
3.058206436531743577e+01
3.332351086180943867e+01
3.311884434230395868e+01
2.608912918505717826e+01
3.471686006791069445e+01
2.824130888315641030e+01
2.945913406653329147e+01
3.444813986297724995e+01
3.459082547719388145e+01
3.398893405526896316e+01
2.823783668295235216e+01
3.571241798660997802e+01
3.565689547340285515e+01
3.384978025665103729e+01
2.950035528954876440e+01
3.580856757496461995e+01
3.250790513032450946e+01
3.129436181147014651e+01
2.959521020088104137e+01
3.381537263540629823e+01
2.907969271982228321e+01
3.357103704527867194e+01
3.026233090515253110e+01
3.501980001197992465e+01
2.649322379526245896e+01
3.245301879306719428e+01
3.399224247643059016e+01
3.090050981782453121e+01
3.066990312109088279e+01
3.497616944626155089e+01
3.375474128329401680e+01
2.797265185929642684e+01
2.628755558161545736e+01
3.361553275898758386e+01
3.129113684067830548e+01
3.082218564336483979e+01
2.653557629853148114e+01
3.167745643100155561e+01
3.479662192173248769e+01
2.880252801776187255e+01
3.170081667559472649e+01
2.605006749159828772e+01
3.386082503283759593e+01
3.458872996273316858e+01
3.350461043933000838e+01
3.385018184068671587e+01
3.086691945042547403e+01
2.693585090230752499e+01
2.748601458632494143e+01
3.561713660774567813e+01
3.309529060049705151e+01
2.878294010958876115e+01
2.814134534487991957e+01
3.395454443648943510e+01
3.489955439208677035e+01
3.124406366663870216e+01
3.375397493189259990e+01
3.113425825085221987e+01
2.739282329428431950e+01
2.859068943969663223e+01
2.747176526078897751e+01
3.164406926136669540e+01
3.249111200386908394e+01
3.182942920030872003e+01
2.869970241028845237e+01
3.248324314200336005e+01
3.513943499167509543e+01
3.589178724038958990e+01
2.774723209938061075e+01
2.774922925351660652e+01
3.083014507913059532e+01
2.872483718697122157e+01
3.183606050992982262e+01
2.798064432501729826e+01
3.543031623289145671e+01
3.278129789820781070e+01
2.611614000915364997e+01
2.912674216134432115e+01
3.364858219726979627e+01
2.948113062497185766e+01
2.641194328263120639e+01
3.074088878992116136e+01
3.493079376353395560e+01
2.603125993176830377e+01
3.110304517609325714e+01
2.891498912724430426e+01
2.880348377381000802e+01
3.122112288861320195e+01
2.868492858890914476e+01
3.484462066569357575e+01
2.989555857785931181e+01
3.530849493311175280e+01
3.139909176048189465e+01
2.655219184141146016e+01
3.049581837032801701e+01
2.626834740449832850e+01
3.148803104987233326e+01
3.017584320431457456e+01
2.770460250645594869e+01
2.845494069694220229e+01
2.708839016621288565e+01
2.735093632099517791e+01
2.853549481718344083e+01
3.057954086576098618e+01
3.236113043974974346e+01
3.416437939359121856e+01
3.195926373552164890e+01
3.133865833696014391e+01
3.444156368877558805e+01
3.328217358580035068e+01
3.448822217140472901e+01
3.524304836562096455e+01
3.165494558212295217e+01
2.709217395843017684e+01
3.056889687948056533e+01
2.817343012296568361e+01
3.521455482801216874e+01
2.641063846305656782e+01
2.966701761192549824e+01
2.935951867113161384e+01
3.197842656508045067e+01
3.305230070524145702e+01
3.109234861333541389e+01
3.044374640088100747e+01
2.678790855750306221e+01
3.156023210059021267e+01
3.174045513565231147e+01
3.047223962088231985e+01
2.815942995076202848e+01
3.440781724378470585e+01
3.504726613108670108e+01
3.579503780136415969e+01
2.771110488343997957e+01
2.962255672120225825e+01
2.992818944353067323e+01
3.312885917632243604e+01
3.057405301009178089e+01
3.254231157802428953e+01
2.941532508696893800e+01
2.715704402744594148e+01
3.042033400121956532e+01
3.179826434542743741e+01
3.005071402849082318e+01
3.462951427472205523e+01
3.072489670463482625e+01
3.019490849491070250e+01
3.195571392578064973e+01
3.119233654737881167e+01
2.800222289733247294e+01
2.692932803157528099e+01
3.197875081936602371e+01
3.519314480353868646e+01
3.339134705644336520e+01
2.675360122121606565e+01
3.098359329265164774e+01
2.625717714823948867e+01
2.668413763359242452e+01
2.695051665015989784e+01
3.069883827803324650e+01
3.136473919563357526e+01
2.989209293988294647e+01
3.287511352811016252e+01
2.796691852512385523e+01
2.651944020418037340e+01
3.052553469406340980e+01
3.359308597400749363e+01
2.815060958995320206e+01
2.642067912135105701e+01
2.649014037598361426e+01
3.338768739581669820e+01
2.849959547152063521e+01
3.279632304047798641e+01
3.247424751381649344e+01
2.899182936165495050e+01
2.895263373836189658e+01
3.534424740358413430e+01
2.798180367088873055e+01
2.910024126889098639e+01
2.720461266163718861e+01
3.255418836518899894e+01
3.461871038386648536e+01
2.850582223308015273e+01
2.854956920871947901e+01
3.070576882360421678e+01
3.486813666514497356e+01
2.651207591708540434e+01
3.314167098788616528e+01
2.851939445325974987e+01
3.167901148529030309e+01
2.816407089252524187e+01
3.070904020966915837e+01
2.638111282403400182e+01
3.013138186295880772e+01
3.063500870274911136e+01
2.939492065638751583e+01
3.531127875116481363e+01
3.168275912292343577e+01
3.057261981203464174e+01
3.307013413136797197e+01
2.685971674488168048e+01
3.063255890923156244e+01
2.877090498439174127e+01
2.681282383598601626e+01
3.031855267345267180e+01
3.219909431093532248e+01
3.185168581569003621e+01
2.736590831024047077e+01
3.040603433893988949e+01
3.353543254686417896e+01
2.932798526382726223e+01
3.537143046959634773e+01
3.449180787948903060e+01
3.064037001990237030e+01
2.998292253365520565e+01
3.275606246325916970e+01
2.858457495813028260e+01
3.554345798795929312e+01
3.536584736101974613e+01
2.689440361823364967e+01
3.235036249622361026e+01
2.877876541012082257e+01
3.132636934086976055e+01
2.601620438187097051e+01
2.974340375965998007e+01
3.204865840481056694e+01
3.460974020813409879e+01
2.649558854706393518e+01
3.225123112037982054e+01
3.215678000479848464e+01
3.438966872732051172e+01
2.715838914807265425e+01
3.099223581951819284e+01
2.825002818484716016e+01
2.820472750638944603e+01
3.563426028890109620e+01
3.048615618653059300e+01
3.599015265113973072e+01
2.653311584388068667e+01
2.615921331790177007e+01
2.615224560473102855e+01
3.519548429347089780e+01
3.237439348560794627e+01
3.597622632702395151e+01
3.385552066745630384e+01
2.913000241402254886e+01
2.796345855306987360e+01
3.218058234529394213e+01
3.168083957563943187e+01
3.078159926015243997e+01
3.083457126782816360e+01
2.788064690321739292e+01
3.493723741304284403e+01
2.862874983235522564e+01
2.606744995315460400e+01
3.131963299134543632e+01
3.158576121568408013e+01
3.588900497342702067e+01
2.674593625762105731e+01
3.397946494676901352e+01
