1.106273259069788111e+02
1.075503424888243131e+02
9.862381242422125638e+01
9.385012670179825989e+01
9.844444165847311012e+01
9.856415489984814826e+01
1.005418521479062974e+02
9.407857911904629589e+01
9.227425635734830678e+01
1.033088815500732238e+02
9.337941296005396907e+01
1.034325382803863960e+02
9.383505961134042650e+01
1.116133543578785350e+02
9.825599612945158867e+01
1.075702933547952398e+02
9.808024151042747008e+01
9.599482329724322938e+01
9.222497901098282114e+01
9.443902853732947733e+01
1.094466641835402072e+02
1.092319219341119378e+02
1.018605922130310546e+02
1.070500389124485849e+02
1.088321129220851731e+02
9.260631819173499935e+01
9.674610428285109265e+01
1.002236404604175846e+02
1.068840322224535555e+02
1.043560107291061172e+02
1.025564255032201118e+02
1.026482241206932713e+02
9.249844024120876895e+01
1.023096325457561164e+02
9.539137357339491530e+01
1.118546710523517902e+02
1.025663760536502735e+02
1.058980536576328575e+02
9.917953036299458347e+01
1.000544814470752044e+02
1.046119107789402136e+02
1.041878767029794091e+02
1.019383868141700589e+02
9.523926228317701259e+01
1.047042143637970213e+02
1.064861398090319966e+02
1.065176280435912304e+02
9.382866926282318332e+01
1.068110964203160052e+02
1.060097016653543704e+02
1.015657208561449494e+02
9.915548146429084397e+01
1.034736514738735593e+02
9.573910460861063143e+01
1.099386294447807018e+02
1.048634794029195803e+02
9.981078909182231484e+01
1.025021495164394025e+02
1.072089700337230909e+02
9.475808992384199314e+01
1.098855522855493945e+02
9.924377061104318898e+01
1.017094511876440777e+02
1.068684135940756050e+02
9.283099698541182931e+01
9.926852674829902412e+01
9.248991622318655459e+01
1.100300048279943042e+02
9.482286762142902603e+01
1.115792276399013048e+02
9.821123045150483222e+01
1.052993676279807858e+02
1.084900682283600446e+02
1.066481535611826956e+02
9.753920904496260391e+01
1.110159642067574310e+02
1.031029105432442634e+02
9.821716917518695311e+01
9.811078826372643391e+01
1.075605789946346817e+02
1.019478384552290322e+02
1.016516618755245958e+02
1.083557121503734209e+02
9.561081465254503087e+01
9.398582428664069255e+01
1.093795471447035652e+02
1.115183543432308824e+02
1.030135087748208065e+02
1.092642531032770137e+02
1.114161740008731130e+02
1.110449617492682819e+02
1.044580959638561950e+02
1.089267330967337131e+02
9.638344355203324199e+01
1.079036583861108340e+02
9.872306722554324665e+01
1.115402985987091711e+02
1.040693296410101993e+02
9.874665610900034096e+01
1.023220779869155024e+02
1.031414438721161986e+02
1.063254204758675456e+02
1.041349409830132799e+02
1.019622909159521953e+02
9.510218942468489445e+01
9.429138730564913828e+01
1.060051238180690518e+02
1.052566628087925267e+02
9.651416027318774127e+01
9.907116013153549261e+01
1.069669142028111679e+02
1.071010485511981187e+02
9.295933918785036099e+01
9.813090153402224303e+01
1.109195881603247500e+02
1.007463621516075989e+02
9.603929950085237977e+01
9.320951647240687521e+01
9.405994975879647768e+01
1.039068144650962608e+02
1.068998103969305049e+02
1.072247153633004615e+02
1.090372871612481731e+02
1.069224360032540915e+02
9.321385631238396741e+01
1.004667737641630794e+02
9.408672622722322387e+01
9.431673821662518264e+01
1.105847220584684294e+02
9.413959498714093854e+01
9.530699291567511011e+01
1.030979754534037340e+02
1.108034595019431237e+02
9.663810464647046672e+01
9.392554852171224411e+01
1.067998170224679484e+02
1.102130135315812964e+02
9.632391088808893187e+01
1.008208122219665768e+02
1.117684049714553396e+02
9.642102859390168135e+01
9.342800016821020392e+01
1.078892922567115988e+02
9.612207295090345838e+01
1.075704708953669240e+02
1.118936190063997742e+02
1.097894514190369222e+02
1.009730430248571764e+02
9.360968102369962196e+01
1.057792537586537662e+02
9.271827026455488863e+01
1.068101001066082176e+02
9.707243322342182523e+01
1.086406842479339048e+02
1.066090431261925175e+02
1.032978501887245244e+02
1.067411473636981754e+02
1.028340323551490059e+02
1.075726873914318418e+02
1.106837581897520550e+02
1.021655765036934440e+02
1.038345692071334128e+02
9.273960197508149861e+01
9.579725624360700920e+01
1.096702099995389972e+02
9.538093921680261644e+01
9.672683530039228117e+01
1.043808157270350137e+02
9.870931645219938844e+01
9.259140091496871605e+01
1.037649976864659607e+02
9.727551252486772171e+01
9.336517010855574483e+01
1.085211095044777210e+02
1.072672085533330630e+02
9.483686163300860983e+01
1.094795248269081611e+02
1.003244059882527210e+02
9.897677760748506159e+01
1.047626464635243764e+02
9.732085400958274590e+01
9.276518392084496156e+01
9.775669633667418168e+01
1.092312733269434091e+02
1.011379716564520663e+02
1.029318222091221173e+02
9.394674858054700906e+01
1.087307874676956772e+02
9.435103128014416995e+01
9.315271481214020355e+01
1.039017884839176702e+02
9.786224954739471116e+01
1.065999801058764263e+02
1.079628214179568317e+02
9.252089316934966234e+01
1.067645956079696816e+02
1.119560747445792828e+02
1.066422330393565403e+02
1.034987294510222426e+02
1.072814144037861297e+02
1.037674591122302559e+02
1.058152349285900584e+02
1.114530716917535926e+02
9.417831563807406781e+01
1.017006164218944235e+02
9.624005441490356816e+01
1.010527984807071817e+02
1.069502991336373441e+02
9.333241034598999875e+01
1.014247072269954231e+02
9.774819028946845378e+01
1.102537343290847218e+02
9.341747657203033839e+01
9.762285377346671567e+01
1.060994471668303873e+02
1.004799714855518289e+02
1.012262112782104140e+02
9.399962250628419724e+01
1.088240030972588386e+02
9.312604654095568435e+01
1.115010916098234759e+02
1.079625835801706728e+02
1.105918568495630581e+02
1.084560353394858510e+02
1.041749034494685588e+02
1.091174550763425373e+02
9.659968258986279466e+01
1.090876289234546448e+02
1.076286018303827916e+02
1.086908281950732089e+02
9.957805731202050481e+01
1.045204638466584868e+02
1.048743621612255765e+02
9.227604683690216802e+01
1.074107917511095138e+02
9.903243338085390235e+01
1.081204725152261972e+02
1.096828883795161147e+02
1.051043874229592348e+02
1.103066448449789050e+02
1.014164292970484667e+02
9.883984190285157467e+01
9.272913357096832954e+01
9.421588440934689856e+01
1.107980416963754351e+02
9.366241002147937422e+01
1.071512694379029398e+02
1.009904344933727032e+02
1.056772367961017380e+02
1.004316408115343222e+02
9.791740876994207099e+01
9.551524113292683182e+01
1.021499051295361227e+02
1.008532586053781017e+02
9.802128696365790006e+01
1.045344537559704889e+02
9.690275516229395691e+01
1.033970752753367179e+02
9.931418108755472929e+01
1.060486984945970192e+02
9.400255218372171839e+01
9.616027849464774135e+01
1.108906351780608190e+02
1.044819911262120797e+02
1.082679127331755069e+02
1.005310288505942822e+02
1.067501324127295561e+02
1.085771898289632560e+02
1.038093434895569516e+02
9.945659928939920746e+01
9.701800384146595491e+01
9.292307046175434948e+01
9.613739358415405434e+01
1.022235186980010297e+02
1.117698269240767246e+02
1.058527870543663880e+02
1.025062364504227048e+02
9.786406496570842251e+01
1.030143158221767834e+02
1.057741485626214200e+02
9.626003501264308682e+01
1.023231923998211528e+02
9.206672448319002910e+01
9.475214138879118764e+01
1.083181667501921766e+02
1.025599070813229332e+02
9.323421438582847998e+01
9.961000696095682372e+01
1.075645651465934378e+02
1.003849376295880944e+02
9.760838621511824442e+01
1.075883563473987437e+02
1.006627231520771062e+02
1.043320841617670283e+02
1.077294844024409457e+02
1.008486753566692329e+02
9.591220139237776721e+01
9.355018164116594903e+01
1.078552623316395511e+02
1.059436367495787010e+02
1.027945330969680384e+02
9.760478161114419038e+01
9.237252075289620734e+01
9.819031115577760715e+01
9.592517338259382598e+01
9.985677906424575667e+01
1.051611174933676409e+02
9.356643142194988627e+01
9.936505640583493459e+01
9.707051417028608853e+01
1.004103472493526823e+02
9.380793807339064472e+01
9.990042365747927988e+01
9.940112975451111765e+01
1.113720031122558254e+02
1.073697590110644597e+02
1.019399903840848225e+02
1.075546866651782523e+02
1.119856290195145334e+02
9.773057729682275863e+01
1.104877891986003817e+02
1.081072098092849103e+02
1.112205790127518554e+02
1.030738159929516087e+02
1.033444404311631359e+02
1.070300326250212919e+02
9.321487854090263170e+01
9.386888056719834594e+01
1.006611953695642683e+02
9.470646170048658519e+01
1.068902600720623184e+02
1.039059695643635166e+02
9.619390384747619294e+01
1.024651624263828325e+02
1.079181480568593372e+02
1.069572860529776506e+02
9.206619219099728468e+01
1.028005344004936745e+02
9.568196024647748743e+01
1.113028564595190488e+02
1.030390809590870447e+02
1.049051831204849350e+02
1.034221359489106931e+02
9.318943688481442678e+01
9.792884749980287040e+01
9.700536302119141396e+01
9.679069097971947144e+01
1.021401933676387870e+02
1.089364189982132416e+02
1.029305041069786171e+02
1.053825910953637930e+02
1.035217442292569103e+02
9.314245690378552922e+01
1.052451688355448454e+02
9.900268648722145315e+01
9.763234613783629356e+01
9.293972794323647690e+01
1.048925983687544630e+02
9.634768149526445313e+01
9.918189507779595715e+01
1.105665088122646154e+02
9.222299115500530320e+01
1.057688361135299573e+02
1.119929006866642993e+02
9.845827970931819095e+01
9.647650899934004087e+01
1.108199072858803476e+02
9.974658766455885939e+01
9.937264538360119559e+01
1.105840228269312178e+02
9.934808620933907264e+01
1.051767051820197025e+02
9.331574097733428630e+01
9.387370371627586962e+01
1.112263519431929808e+02
1.032922098533445592e+02
1.056045617407315973e+02
1.113034709362906653e+02
9.994679875676243341e+01
1.048012798438738287e+02
1.062193964747290238e+02
9.883810570979923682e+01
1.107849057827286572e+02
1.052412188806216449e+02
1.090327960438739012e+02
1.078094329014652146e+02
9.514851442238773416e+01
1.092380122966720819e+02
9.514058009206297584e+01
1.118754304521266505e+02
9.642192693147231353e+01
1.036094505510814088e+02
1.049560134111457046e+02
1.103587643994677023e+02
9.632690171627814379e+01
1.077085374182362472e+02
9.914350415937343541e+01
1.114662060949796683e+02
9.682773820356297279e+01
1.004362180949014061e+02
1.117286135495817518e+02
9.824216888476840381e+01
9.666564316503055920e+01
9.624450807074492786e+01
1.056249466684398612e+02
9.328505832238695916e+01
1.084872558815684869e+02
9.689349991704436604e+01
9.994638368117976768e+01
9.493050085128723481e+01
1.010879079779181069e+02
9.261105109035212024e+01
1.110953985999806832e+02
9.615519124160162789e+01
1.059862726701822453e+02
9.225904467224140149e+01
1.099032440135114257e+02
1.101523671141590768e+02
1.024731408796204448e+02
1.038957866242846535e+02
9.990741594264949299e+01
9.494995624817192947e+01
9.346903235574599478e+01
1.087314328082795498e+02
9.971595891212447782e+01
9.356512135029251453e+01
9.987378255983705344e+01
9.504011197190679638e+01
9.976434440051367858e+01
9.799544976937764318e+01
9.500371742126775132e+01
9.664058011244256363e+01
1.097205246784256332e+02
1.096343806081534922e+02
1.073013722029696737e+02
9.258099434116523696e+01
1.012314460482880349e+02
9.665469509365115641e+01
9.730860060567728453e+01
1.062508321925456301e+02
9.312513156923492375e+01
1.010183307217083239e+02
1.104749897767659519e+02
1.067770153508586901e+02
1.074644896076266036e+02
9.345898510851363028e+01
1.016104654837532024e+02
1.006672117517811813e+02
1.090350637450286229e+02
1.007831928064940428e+02
1.059130642528403996e+02
1.118478480187806667e+02
9.760260984951024454e+01
1.024231101088949458e+02
1.075349656685207975e+02
9.806132934849384242e+01
1.030772587269368756e+02
9.794326636026890753e+01
1.027424717119970126e+02
9.293965476503390732e+01
1.043277113092848936e+02
9.303469595000075287e+01
9.645934499675232132e+01
1.102470388138110593e+02
1.011876286425957261e+02
9.506133736728828865e+01
1.092469590655464344e+02
1.037983083903872199e+02
1.107528923422136415e+02
9.200103940692447679e+01
9.426583752161405982e+01
1.073127331482337183e+02
9.388682534558166992e+01
1.073653150172000608e+02
1.019386348768226753e+02
1.056662096340623123e+02
1.028143485004772657e+02
9.973315551436196813e+01
9.314387659530291330e+01
1.115382933387784874e+02
1.056342502161234762e+02
1.011096140055959722e+02
1.070756866015120607e+02
9.215064379540481809e+01
9.636951038290523286e+01
1.102009270898229545e+02
1.045038209351752698e+02
1.043883160630385589e+02
1.109266103980856286e+02
1.020117560513766222e+02
1.016260462821228998e+02
1.046265198436693709e+02
9.239019868537768332e+01
1.050912765851918920e+02
1.097693162518704924e+02
9.245689961614138497e+01
9.687348085815435184e+01
1.019971188051558499e+02
1.033043386826006156e+02
1.114651399582725162e+02
1.055709748629319620e+02
9.347462834884566973e+01
9.403799230005400034e+01
1.074362673287011631e+02
1.053006671747774590e+02
1.040488813721374299e+02
1.013072947402243784e+02
9.700963757968996504e+01
9.929570447901338071e+01
1.095056012989127510e+02
1.024798323747977093e+02
1.024016214519514278e+02
1.075729512335567222e+02
1.019440001516136078e+02
1.054808362493615448e+02
9.734470671421017585e+01
1.006115384795986927e+02
1.039258101912244285e+02
1.030510359165111822e+02
9.263433799017643366e+01
1.090070938685176714e+02
1.075277882456112195e+02
9.650295213623452639e+01
1.101680768681248423e+02
1.027452029885049427e+02
1.009647209088076636e+02
9.514479446171795018e+01
1.019392224496263282e+02
9.425743510511158263e+01
1.119368212886809459e+02
1.079352904446945161e+02
1.033862432346029152e+02
1.010516283394362205e+02
1.111791158833258066e+02
1.075303217513277758e+02
9.498684238495438592e+01
9.465756510695950965e+01
9.422263714097323373e+01
1.000123627443571479e+02
1.074284758420146488e+02
9.367490966870815328e+01
9.425744149804000926e+01
9.472472274330853281e+01
1.025298004003252288e+02
1.114999508889217452e+02
9.452064102368339604e+01
1.014145081304412486e+02
1.004248599434183262e+02
1.089049880010608149e+02
1.055271365327592150e+02
9.668325009132533410e+01
1.044715258967434579e+02
1.079022669295551964e+02
1.099931646702719661e+02
9.996308042275249761e+01
1.032684657100936931e+02
1.044152923729716349e+02
1.031780497400646368e+02
1.003216796409388820e+02
1.062929690869634669e+02
9.827306191100581145e+01
1.035837067560106703e+02
9.557333509455780529e+01
1.047477488092393969e+02
1.056019230222360363e+02
