1.106885108533714801e+00
1.434798989932799085e+00
1.332081429016431340e+00
1.258878893658452292e+00
1.203399376134282495e+00
9.772795115650517728e-01
1.382802786436009734e+00
1.341919249931732061e+00
7.036702025631810242e-01
1.372258922253608127e+00
7.505086504259628200e-01
1.311900931302253603e+00
1.349233855672326676e+00
8.642854076671312447e-01
1.338826624650103714e+00
9.354538894634990553e-01
1.335602732502155332e+00
7.261788568307888658e-01
1.156229173551205580e+00
6.610862150246531455e-01
1.360171719910753474e+00
7.072883345436992153e-01
1.070775741654803603e+00
6.265342279833272521e-01
9.416043622776546496e-01
1.254131611799040424e+00
9.213833717136605816e-01
1.453552029029396397e+00
8.396791484235216485e-01
6.495709483748334234e-01
5.214976231192085532e-01
6.707053499777405614e-01
6.006232258505929122e-01
1.083711306209466763e+00
5.014065640456630835e-01
9.242943700430527043e-01
9.969251828309594332e-01
1.152075173585420220e+00
5.964040176695594164e-01
1.237991342819721563e+00
7.493775608003288013e-01
8.385884390096149943e-01
6.412010420194540483e-01
8.494337957192235056e-01
6.329891246708420072e-01
1.415942470567379541e+00
6.587869691124675908e-01
8.898193642739181675e-01
1.391130200407840967e+00
9.890092984710592283e-01
1.210409850004952270e+00
5.157388802493400037e-01
5.041581133679999827e-01
5.073825654790361517e-01
8.069648856209858945e-01
1.271861053878989400e+00
1.091485100920996043e+00
9.994386875769155631e-01
1.211124588393257540e+00
1.350213291587508913e+00
1.156857588730814346e+00
8.616489216736098466e-01
1.311754796170794268e+00
1.074813504946566134e+00
1.469896252240721068e+00
1.441764207962828115e+00
1.178196968671552103e+00
1.353520277568553309e+00
6.929317973532891362e-01
5.604786077136365563e-01
1.299203778592098457e+00
1.415138589552708659e+00
1.326334973302790265e+00
1.096662410926611653e+00
9.308126454755499823e-01
1.050566230634676135e+00
1.318645565617473148e+00
1.157330341655048001e+00
7.432030460240561798e-01
1.460132375657527515e+00
5.750618370463890239e-01
6.734428421342669724e-01
1.044428140650979220e+00
6.695635979938621141e-01
1.022136254664916200e+00
9.337123873616853809e-01
8.842174543272648402e-01
1.099765924429245256e+00
1.115453359433417724e+00
5.047652006869712826e-01
9.102937322945721110e-01
7.191896444983955083e-01
7.314720647785408758e-01
1.219251769123392615e+00
1.187578731536333976e+00
1.186042957778830065e+00
5.548838377864250271e-01
6.354945542812219239e-01
1.271243345366777966e+00
1.088527837374446250e+00
6.115135435928816809e-01
5.095449480954927779e-01
1.120049414723714776e+00
5.355274843329698164e-01
6.776362651395658743e-01
9.096918148122051795e-01
1.244955200573424570e+00
7.372796839952219239e-01
6.678651338655132719e-01
6.590742697061102717e-01
7.551461220894553072e-01
9.644860207768981564e-01
9.230224778223889981e-01
1.449331106573505501e+00
1.321941307684124212e+00
5.787454496523516401e-01
7.474794582327027870e-01
1.123737965041383902e+00
8.084805716563570055e-01
1.142436244432389891e+00
1.003404895013124021e+00
1.018826512023636166e+00
8.102527049256430525e-01
1.477892252203259815e+00
1.261953283084115585e+00
1.306400288403996690e+00
9.847372655947523867e-01
9.300633390115496946e-01
1.403636762397168170e+00
1.324581416293186598e+00
1.243977239554822090e+00
1.349722496264349481e+00
1.071173305362610684e+00
9.958271571356726026e-01
8.538398988049156202e-01
1.390458984305793955e+00
7.394563432963900951e-01
9.721068516171734730e-01
6.011421516863584280e-01
1.286373576304423505e+00
9.373120343476196714e-01
7.483347058399383300e-01
1.056169877749538077e+00
9.720155533689472938e-01
1.082119286252410717e+00
1.209147372550173127e+00
1.318034790585362437e+00
1.024039570704932789e+00
1.147474983770262469e+00
7.089407636360801623e-01
7.960356240301416086e-01
8.659375880494261102e-01
5.878437005984984420e-01
6.662976670144815650e-01
8.357875488448185397e-01
1.200589926702556376e+00
1.271883284730713104e+00
1.216941702281141291e+00
1.401937442165872127e+00
8.437469017613146161e-01
9.112469733942694106e-01
1.181417532639648105e+00
1.430353488942448958e+00
8.917707531868016568e-01
7.381186641210930599e-01
1.102077244033091485e+00
7.178526520168241332e-01
1.480409807058254978e+00
8.580263280300681750e-01
9.555221648525173972e-01
5.856807335267929515e-01
5.061057279531490094e-01
1.297275612623903784e+00
1.395530688299653210e+00
6.740208388000541451e-01
1.421579601012930016e+00
5.040375358864143118e-01
1.269049606597712376e+00
1.091430224018032913e+00
7.970667679109065817e-01
1.497843028408251786e+00
1.286697627748947026e+00
1.219800523423735683e+00
1.333365683143475477e+00
1.252091067035296046e+00
7.767210545754472673e-01
1.497205444598474822e+00
1.014937325255726552e+00
8.571825332740511394e-01
9.365468352887273973e-01
1.281190428466667530e+00
7.604620760981057881e-01
6.489832465337769252e-01
7.510465688738660051e-01
1.083675925180896060e+00
5.518243353347788149e-01
1.407837677630015882e+00
7.760493754210859851e-01
8.671075054410151139e-01
8.438033548828363095e-01
1.263520338421402656e+00
1.262243672815710260e+00
5.124614495269749215e-01
1.299492526381976987e+00
1.341571720045806604e+00
7.183183907153718462e-01
9.693857534029844958e-01
1.493367066599577742e+00
7.576390194965826330e-01
1.137465845556351329e+00
7.109011894534810194e-01
6.161225761407641555e-01
1.463052641514649199e+00
1.428257149074881438e+00
7.825282740992476338e-01
1.002189972110095084e+00
1.342730206043860175e+00
1.219831114872968580e+00
8.763044973005884586e-01
1.404460482157346313e+00
7.029028724153763008e-01
6.528621596471683164e-01
5.049887479154928638e-01
1.133981837508234891e+00
8.336298803263092472e-01
5.181604820606487971e-01
1.429170720241625503e+00
7.618281189428766087e-01
9.677052915128253607e-01
1.209303696295752850e+00
1.421934172158847209e+00
1.016026916911896727e+00
1.451407576040856906e+00
1.081312773697852947e+00
7.135849712082313889e-01
9.888536463675343668e-01
9.095282952621224215e-01
8.269073932491198820e-01
5.248275940259040651e-01
1.311153228427186734e+00
6.658328497208420016e-01
8.814710763775726043e-01
7.748215296911119543e-01
1.339131210339190581e+00
1.404245094702387675e+00
9.033042052539943523e-01
1.042931591164032223e+00
8.880278690480988280e-01
1.248347214038046271e+00
1.079537843768289207e+00
7.421977617647220749e-01
8.231846470184067677e-01
1.304828972932667419e+00
1.014222310072715239e+00
1.177430852578130294e+00
1.218370391768968997e+00
7.251992925098738052e-01
7.236206004044232198e-01
1.209206476784164597e+00
5.455550736879749563e-01
1.043602824128000872e+00
1.126729291224927820e+00
6.281728655817242490e-01
1.267785036170022028e+00
8.009166357725110430e-01
8.378350800715549385e-01
1.257949468978836194e+00
6.352716795003214845e-01
1.231529385910242080e+00
9.144285558149860549e-01
1.017991252161678073e+00
8.015472325493109285e-01
7.164251547429868472e-01
1.302362092941803606e+00
1.210795786492097736e+00
1.333655918111898986e+00
1.184119665156319057e+00
9.569129508325420197e-01
5.992533262953677609e-01
1.470992492883413050e+00
6.132265325276764489e-01
6.291586712344257037e-01
9.725078972818165246e-01
8.719742397753600383e-01
7.033986500121284235e-01
1.329445722721573464e+00
1.231036184714044301e+00
5.307303380510449697e-01
7.489946752707812294e-01
1.150570525021358925e+00
1.295441800557786793e+00
1.237115702419583130e+00
1.180309295899239164e+00
7.176068596799209942e-01
9.967146472139568614e-01
7.007210742379789137e-01
1.221365020221956144e+00
7.553681748301176446e-01
1.221866539605209745e+00
1.329273653919742948e+00
8.129010049886516986e-01
7.330262437270278486e-01
8.617483690812812736e-01
1.099692064634384181e+00
1.229015068720587633e+00
5.523549586733540462e-01
1.148636446064996708e+00
1.060432416246527509e+00
1.466391051983841454e+00
1.208008541507380684e+00
1.268584837192791692e+00
6.330771842472737720e-01
1.093783578086039654e+00
9.521684152307859916e-01
5.203587604121341359e-01
7.006632853678250727e-01
1.427611141746450762e+00
1.483984576320975579e+00
1.041228445568624483e+00
7.972214177851637551e-01
8.149666147829875973e-01
8.433323093591389430e-01
9.160722624690867955e-01
1.206680350511380784e+00
1.131136724937337856e+00
1.289397224009440901e+00
9.382531823252264758e-01
1.038947123001799699e+00
8.565833169260039792e-01
1.303035635506014422e+00
1.313450487373908349e+00
1.082337519099613399e+00
8.778644528642947087e-01
7.205908358214443421e-01
1.002387883887927655e+00
8.991555863196973863e-01
1.001867366622848809e+00
7.645840159887726806e-01
1.096443217455060015e+00
1.144411672789735324e+00
1.289326720755131994e+00
1.425109986065589585e+00
1.271519938602815314e+00
1.273752395741976740e+00
1.125867643038049426e+00
7.612983504639526666e-01
5.076752177327308324e-01
5.321565732593127596e-01
7.630426540894300613e-01
5.761353570389390333e-01
6.917363129617896123e-01
5.439014483592135019e-01
1.318531157780915342e+00
1.465800637438919196e+00
6.286052001243025433e-01
1.342290194050416163e+00
6.029346115655986882e-01
1.277656787611138434e+00
1.254896179949938295e+00
1.127853023528908150e+00
8.299883207164758803e-01
8.757270312154336045e-01
1.475245149593124028e+00
1.448950741295717215e+00
1.335285410118010496e+00
1.290777575617394923e+00
6.674513144016026578e-01
1.481881408626354757e+00
1.165164276886207606e+00
1.168593168780136082e+00
1.125347378264209830e+00
1.486940775425646066e+00
1.317263694645097960e+00
1.498325929359428654e+00
1.416783645091191923e+00
1.360515692325147352e+00
5.103412338980485297e-01
6.891570980895972420e-01
8.747539033091987770e-01
9.162645922725891623e-01
1.024978653626407610e+00
1.111027233440551987e+00
1.062013848402802996e+00
1.134365294335301755e+00
5.886586187346475318e-01
5.529229569353882878e-01
5.943114160633322651e-01
1.171451036768924370e+00
5.525593024408800291e-01
6.914810328258350625e-01
6.926317101398146159e-01
1.395091021873897219e+00
1.085190866552103728e+00
1.007218658696426683e+00
1.107942390129950994e+00
8.663773296567945925e-01
6.535301435861985420e-01
9.251162195171631630e-01
1.315849272716572926e+00
6.566707490205935249e-01
7.933912295898035705e-01
8.855148306624248677e-01
1.108185717309838392e+00
1.323307639583272577e+00
1.026326946820615094e+00
1.482360544317154805e+00
7.111869841051906560e-01
9.156567126967170012e-01
7.910917806580087808e-01
7.189425390469322830e-01
5.629770230873775150e-01
1.116135401816612305e+00
6.046305458905825159e-01
1.212721573232453220e+00
1.257763570806389009e+00
7.786565364130692002e-01
1.499393017812344686e+00
1.057424847489574660e+00
1.286881880420116975e+00
1.203694321607481355e+00
9.499058048886150907e-01
1.493359545723979220e+00
1.252322363627507595e+00
5.544137684233464425e-01
1.029249927076928195e+00
9.342006451359686769e-01
7.938200124888139531e-01
6.757672658585416325e-01
5.379992391912419292e-01
8.056372680836633160e-01
1.005079829573686911e+00
1.380541207598912079e+00
8.333260964091991907e-01
7.067976614180986328e-01
1.140324749817577699e+00
1.157781188696491714e+00
1.194647040672304650e+00
1.079229291822333181e+00
1.202074078382173727e+00
8.865166106205807361e-01
5.856727787112930850e-01
1.282416331682698418e+00
6.726309917059598575e-01
1.028260643780098960e+00
9.088302356884133681e-01
1.133296499102589339e+00
1.084954994544446105e+00
5.745642428408342939e-01
1.306210037482619324e+00
1.399845708202504646e+00
1.104425379575639798e+00
1.307162417238961538e+00
7.173727102688862711e-01
8.694203321744736757e-01
1.291321319305213988e+00
9.120635438583057919e-01
1.296125575066154223e+00
6.442603812738082469e-01
5.103569459174636114e-01
5.779765233485709697e-01
6.636518159801335637e-01
6.572847573481565009e-01
1.395456514766311606e+00
1.257337383391059937e+00
1.263103984940554536e+00
8.734725450482101472e-01
1.474823753756751676e+00
6.974127478973519700e-01
9.602471822359773812e-01
9.989990645570164807e-01
7.252434821478946914e-01
1.358189118150318064e+00
5.547440583377982737e-01
6.623820309244026205e-01
1.467080568455610523e+00
1.280507488455264298e+00
1.232053113556756729e+00
5.971535068003464009e-01
7.011507102703297134e-01
1.231806777477837844e+00
9.304158044749485379e-01
9.051939030893969562e-01
6.413861453877919283e-01
6.376915096992636922e-01
1.312407321250438574e+00
1.347458854581128573e+00
9.259586518717021209e-01
8.001217771934395762e-01
1.494971228339398550e+00
5.918651942534077781e-01
1.320372552473460859e+00
8.589451000914212209e-01
8.070350931737676481e-01
1.028877316313622892e+00
9.665685083834076874e-01
5.055793882407191298e-01
1.487460611143675671e+00
7.742178121719904826e-01
1.148545646963250455e+00
5.324352309214854806e-01
5.897872829503252312e-01
1.239980680082917175e+00
1.088256544491509770e+00
5.634677132924061915e-01
1.471303954591490326e+00
1.498103887679671065e+00
1.184068212981363555e+00
6.486373350965162210e-01
1.447277311279610235e+00
1.074313376861667724e+00
1.140662567517964909e+00
7.370121050175684196e-01
8.828643230984377643e-01
1.453146200134960875e+00
1.496759438464741132e+00
1.009217541338565560e+00
1.411787562488838521e+00
1.471510665222655057e+00
1.178404424516021232e+00
1.230287723886774209e+00
1.226451145848479252e+00
1.145180528704643486e+00
8.746651569518456570e-01
1.413536731665254731e+00
9.309005045297167324e-01
1.104284746613040102e+00
7.636605236762921134e-01
1.260736545481321969e+00
9.007194035896816109e-01
6.617715321075199331e-01
1.190997225134016402e+00
1.097041889406674020e+00
1.160966334214292850e+00
6.180892742821720853e-01
5.131778821865553564e-01
1.042905298525369506e+00
1.460197816330094822e+00
1.450587757214548912e+00
1.335014784649567243e+00
1.146625046538520376e+00
6.049981574180355315e-01
9.330936345198844739e-01
1.498153741919620030e+00
1.292004784705402365e+00
6.630818654986636584e-01
1.149264608621701766e+00
1.152460700077481359e+00
1.041079655137417959e+00
1.340328724588423892e+00
7.608619084194242488e-01
1.166032211350642944e+00
5.312619400373725931e-01
1.029697021115932198e+00
1.328976846078111063e+00
8.355404933526824340e-01
1.051327229145381015e+00
1.327222445368580361e+00
1.058947554307132277e+00
1.114792871513716088e+00
6.734496529490817673e-01
7.360361714867178495e-01
8.156298188605299870e-01
1.292655974664885132e+00
1.165690156773746544e+00
1.304292537206475977e+00
