1.366263837643244550e-01 5.013808144184224158e-01
4.035200275312547102e-01 4.373986003388575794e-01
2.152402595314263367e-01 5.344882337675465056e-01
4.534126804969869085e-01 2.935353795023187828e-03
4.749050575761626369e-01 1.122997140522475901e-01
7.123799170878297726e-01 9.812382572786436663e-01
7.643909835963732524e-01 9.508889588627861267e-01
7.388523384356184831e-01 8.168150983950254185e-01
8.183078999087247674e-01 2.829853899782677207e-01
7.287150232190156007e-01 8.683232574927922665e-01
7.842630327485955455e-02 6.951543202048621195e-01
2.779413142746238741e-01 1.951848485203874217e-01
1.192200643682361783e-01 9.987058660108404373e-01
1.810825837694308715e-01 9.328424116520641629e-01
5.337011246921218310e-01 4.372997982091554325e-01
9.166672409956916345e-01 2.719618797268142929e-01
9.725422450895518933e-01 5.694840413930124523e-01
2.397506328000728049e-01 4.182954520483151972e-01
6.486390770309621301e-01 2.379910704971910373e-02
4.660570808047518332e-01 2.572180482635325616e-01
1.555784338609768058e-01 6.701584815596731692e-01
3.609403689949683969e-01 5.976646371248195422e-02
3.846455470419091194e-01 7.063527595722915997e-01
9.450297220706390666e-01 8.517100798995231870e-01
5.839396369769354056e-01 2.467647779596652269e-01
5.908984233695113719e-02 6.939542084924781307e-01
1.353549737872253855e-01 9.372189532175431159e-01
7.963861194807821953e-01 4.451717031442563588e-01
8.458236926322126870e-01 8.259275998479630454e-01
9.829679867444816033e-01 4.480300473896354774e-01
6.717647028211743976e-01 2.663178233581722232e-01
3.784806111859728706e-02 4.528132309639107955e-01
2.934185089073937380e-02 1.858424413809334208e-02
8.866208092418852438e-01 9.282018572635704068e-01
1.671631397700267252e-01 1.129526015276657303e-01
6.354575427218484007e-01 7.231043489706708849e-01
9.663620264603678400e-01 5.724885333739344606e-01
5.986747041259682378e-01 5.992281227796992793e-01
6.081592259579540194e-01 4.862833184395001229e-01
4.592139725921714488e-01 7.968750982145407225e-01
5.011195003629598244e-02 7.926486578858598087e-01
7.105019914288304150e-01 6.050708318103592553e-02
7.789848570662807337e-01 3.974601486257349769e-01
7.399373096942283290e-01 8.936001552083827626e-02
9.933883004427401797e-01 9.445847476378349539e-01
2.909908041417085256e-01 3.279763197286371668e-01
1.763542589629246704e-01 5.443789237139950998e-01
2.595201871036441066e-01 2.413479297044395233e-01
1.223370726973546097e-01 7.935948752513318771e-01
8.638168557737293529e-01 7.710155074313437273e-01
4.834024847366642508e-01 3.581351374552099731e-02
6.816718261122106659e-01 8.417598651549345057e-01
5.534958467892747702e-01 3.223333087410442666e-01
7.020565008469400459e-01 8.580848409030679136e-01
5.608956789697141510e-01 2.216980819927494295e-01
7.233757286641823159e-01 3.915491752429840489e-01
4.909915246409656264e-01 4.157368773796031869e-01
4.739064391280511934e-01 2.171121118391583504e-01
5.232516125040619359e-01 7.713971798984199379e-01
9.182728240435528155e-01 1.071420478750867433e-01
1.945593954516444679e-01 5.348202696767923037e-02
5.945181056194307478e-01 1.231567231070398449e-01
1.730619779910683720e-01 7.196145885697715627e-01
1.464338452407606406e-01 4.283397490981492028e-01
8.713812767093832568e-01 4.980152787350948795e-01
3.349368330168724928e-01 4.009160382426847358e-01
6.657980640695005947e-01 3.246356073215204141e-01
3.023865140869032020e-01 5.942967866522664844e-01
7.096698834603232253e-02 5.665373932033035409e-02
4.326428872333529796e-01 2.562120560276071046e-02
2.906072578843350573e-01 1.602597812514552356e-01
1.263759942115326718e-01 6.059798306451713579e-02
2.033895745522233955e-01 3.962143340154855586e-01
2.506266021248835241e-01 9.688260122000887931e-01
5.716396959433437397e-01 6.539846478996835799e-01
9.369751317188159678e-01 2.352393553940820281e-01
3.596705663540850084e-01 6.262952578081880661e-01
2.265628541582077604e-01 8.858036414964777228e-01
9.899874794180176796e-01 9.367414958964465077e-01
8.261614652335840248e-01 6.052086815638778594e-01
1.902359374735373976e-03 8.442793655546660947e-01
1.890316837505192638e-01 5.533060474618962665e-01
1.795145199105758760e-01 5.051114842487942624e-01
2.629869543014622391e-01 2.373135010477839257e-01
7.281640050977462586e-01 6.727073764654908361e-01
2.916371108050507255e-01 5.663563559523270285e-01
4.933702824775137996e-01 4.379569135022733928e-01
7.587283392203928445e-01 5.753229686432623780e-01
1.646904449930547409e-01 1.313742128392306752e-01
3.304356953045617384e-01 7.391859720309525983e-01
8.066071738892699461e-01 6.778049422686271974e-01
6.940336847690340427e-01 5.017447079775773089e-01
3.485460417430746860e-01 8.160606581397257253e-01
6.650596130144020846e-01 4.651844758789350776e-01
3.776757958486806066e-01 5.727069368638890712e-01
5.870862092197315363e-02 3.870533606514072744e-01
7.801737345418287006e-01 6.486628218148452474e-01
5.227353179844843600e-01 8.016326418915576957e-01
1.209722519229768922e-01 1.784979480550723530e-01
4.604642338262006085e-01 5.827384883678013994e-01
6.328266759819050069e-01 4.416574723922755963e-01
3.187947914103820279e-01 1.957934044718595556e-01
4.219223934309279667e-02 7.239604979079161673e-01
6.986111124007265971e-02 3.356290154035310724e-01
7.618733137117669196e-01 6.896343301055839481e-01
1.294710999699489884e-01 5.872911338628692413e-01
3.942300476806227527e-01 9.167193332718199805e-01
9.546255238941022681e-01 7.445876277598183490e-01
8.158423674742617537e-01 9.837305232125154175e-01
7.512066866785758190e-01 1.064111960903673104e-01
6.020802897155713707e-01 7.537416801853836779e-01
8.369815537746045919e-01 7.856874363268314676e-01
9.578586896477184753e-01 7.565807087209613924e-01
9.800808718695719346e-02 2.750871098443049556e-01
2.020141248785705113e-01 2.378274160485549515e-01
1.134456226336403306e-01 8.798486072221667342e-02
6.335717435242682605e-02 9.454596611902081893e-01
6.443123042105359799e-01 7.864589674559099297e-01
1.662928775835581519e-02 2.023986070387838732e-01
2.263435553873475170e-01 8.489805632900050414e-01
7.109100784789268435e-02 5.494586019301856972e-01
9.907250833956626757e-01 7.087049085255727743e-01
7.724200412175962205e-01 7.017659870586770987e-01
8.811781630092556661e-01 2.577473613708991529e-02
9.738311994541367644e-01 8.714167747813077458e-01
3.177260793518923432e-01 6.181166266607074355e-02
6.659339686930036972e-01 1.444170686337920007e-02
2.215121737349260433e-01 4.815329544833144571e-01
4.518877568526167288e-01 2.227279452073214205e-01
6.493799003238307499e-01 1.637229554577215307e-01
1.130127429438206876e-01 6.294700868980984687e-03
1.246750746282032640e-01 8.586838034122540320e-01
7.245741377258080318e-01 9.654132474782609608e-01
4.333227783143828171e-01 4.767739449941568175e-01
6.148042908568167597e-01 3.804475311949881977e-01
7.087505509115511471e-01 3.938978355774936935e-01
4.676044953313063246e-02 7.051307914280250388e-01
8.344002683497883099e-01 2.168619309223569491e-01
6.695909568231599440e-01 6.393882737412048822e-02
9.952730334683717039e-01 9.099309302276268330e-01
7.214283603983623339e-01 6.218960660281382946e-01
8.656234949781793642e-01 7.334510457970065955e-01
3.288178735296923838e-01 6.141581345669565595e-01
8.366232170118547140e-01 4.205797925483663047e-01
9.962317825594932952e-01 8.782151884941535869e-02
3.021821901073946659e-01 3.305899817169553057e-01
1.725769700262623774e-01 4.712197752262462513e-01
3.863483454751663881e-01 7.680888744087608355e-01
1.759591780322345977e-01 4.884418841344621010e-01
5.492385395402478165e-01 1.561099205246823107e-01
1.715230715643463189e-01 3.976499696847818344e-01
3.941776968994422647e-01 1.879937628115843085e-01
9.598968588290941462e-01 8.758429753107063176e-01
6.679356738836248475e-01 2.427160024264134464e-01
2.147346257077025200e-01 2.153314017974190531e-01
1.336992118847522004e-01 5.509262499113917189e-01
9.895961607576616581e-01 8.279624910979922481e-01
4.680485360849313548e-01 3.267149078683420083e-01
8.793437353335115114e-01 8.018610590714914110e-02
2.374434573106484203e-01 4.890292280916641587e-01
1.774471281066241080e-01 2.861087451175974294e-01
2.228924454252378951e-02 6.610105191137536362e-01
8.527589170942737606e-01 2.208655917256414636e-01
9.229272622622906042e-01 9.944087774389609447e-01
4.236675175725218567e-01 9.034910421709996253e-02
8.839116263301959320e-01 3.445021884964331038e-01
2.676769930586860857e-01 9.412749996772924455e-01
9.168450405966027672e-01 5.388939549889610880e-01
8.918845675440325582e-01 1.284405062577507195e-01
2.821523183219248887e-01 6.516857910149888022e-01
9.335312295372995006e-01 5.594947625486915710e-01
2.297748587261848607e-01 6.413661329886779505e-01
6.677024559316955266e-01 4.995910889644276098e-01
1.311843591318313518e-01 3.292234111630528703e-01
3.481534638257093306e-01 1.113969152617545477e-01
9.548526280658472531e-01 1.467061045038023925e-01
5.698394136896137718e-01 4.323913056394969034e-01
2.701277346626083098e-01 1.903308561155259149e-01
5.072947110124959025e-01 3.673132747047064273e-01
8.828730859632224481e-01 3.149107112615620041e-01
5.620749442084688186e-01 6.239051457848067139e-01
4.405345500016706328e-01 9.758713352977277378e-02
8.621501715397539289e-02 7.847171829554404621e-01
6.918417546576994814e-01 6.735077799761368667e-02
9.282609968796728950e-01 5.113412436382781534e-01
6.973796967452333684e-01 7.809676477034867004e-01
1.803010796295524409e-01 8.014519183693653570e-01
4.389961651215555927e-01 4.282324345503580876e-01
5.002173859007136292e-01 2.134659596825189132e-01
3.538374766534277960e-01 6.680388304710364045e-01
3.026348419732941553e-01 1.067758186332439241e-01
9.784140667420502258e-01 3.243449792452690605e-02
3.619030643642707767e-01 8.451496251458439080e-01
5.459276682987423968e-02 8.189732335687844866e-01
6.587879785134519439e-01 2.983873156090721679e-02
7.728902486331128419e-01 1.062310401319963571e-01
6.676568142813521511e-01 6.063166978361973491e-01
1.183864018142133379e-01 8.081206383395190818e-01
7.750934946667342729e-03 2.313296255358183728e-01
2.195591914638640452e-01 6.364672484834943411e-02
4.471542992486192691e-01 5.870614798662532330e-01
5.404038069186561932e-01 4.711380684434609556e-01
8.574705640748384594e-01 6.456880638511613979e-01
2.163363829429149066e-01 5.371802930668598819e-01
2.695667154886356442e-01 4.313700470570176471e-01
5.251060766124988621e-01 9.956663991227273636e-01
6.590146760253390301e-01 8.929818882031573812e-01
8.304121383600926443e-02 5.368408184149390250e-01
6.644129080586447245e-02 4.781008412425760135e-01
3.767559188409417281e-01 3.147436544706659900e-01
9.573727616335662161e-01 5.825379080652529629e-01
3.166341278847008001e-01 9.638885887000613328e-01
2.893275346194870146e-01 6.301732094272249896e-01
7.770108554199568474e-01 6.973014006075451965e-01
7.710965391043778094e-02 3.711200007496453512e-01
7.004536294105790928e-01 4.940150422267204355e-01
4.335390104655956200e-01 9.175452825876500018e-01
8.008030324339711070e-01 7.868534172870988996e-02
3.938205613801459837e-02 1.058791891431730692e-01
4.412322167172640919e-01 6.561854156520223746e-01
4.992600366038356663e-01 4.194342511912739768e-01
4.922501345693793828e-01 7.513590010646019612e-01
9.482012132762658307e-01 6.157577434132970318e-01
8.579966270473486922e-01 1.510278183990440004e-01
5.572431652988940609e-02 8.476589443417416048e-01
4.485182817727845217e-01 6.096016805323056786e-01
8.106649663180399701e-01 3.728012226334365131e-02
6.765353637992229663e-01 7.259499435004201917e-01
5.028713254493855089e-02 8.783902760498948359e-01
1.787277272258059879e-01 5.401292040045231335e-01
5.986798281740084438e-01 2.848921283173092567e-01
2.223922462338701056e-01 4.451086673975795938e-01
8.664893074877659807e-01 1.692505788153858548e-01
7.761204779951031973e-01 6.304096121608833148e-01
6.804950387877558571e-01 7.147454482045659807e-01
1.140281304713393062e-01 8.563044223366705898e-01
2.414392611659647025e-01 3.066809687954252794e-02
4.571780340405290355e-01 8.487434008104121075e-01
9.045952473215023160e-01 8.978343282731859887e-02
7.881741308826087922e-01 3.725598501136967444e-01
4.406201351279087630e-01 7.647664636977152819e-01
1.221478880283076718e-01 3.434724671833966347e-01
3.802433633806863167e-01 4.255436972692221431e-01
5.136429117727002724e-01 3.494111364860996716e-01
6.162959556371497838e-01 7.062661830213515790e-01
9.553700254562803584e-01 7.711190536023507791e-01
4.614352108038940470e-01 2.207680995908508637e-01
5.020745510159024816e-01 8.482333883802798402e-01
9.329063309638433443e-01 2.050003685007976140e-01
6.137442999018830614e-01 3.162056068379643925e-01
2.423921888483697717e-01 1.282675083032756014e-01
8.434903326007352486e-01 9.909856625521693552e-01
6.035925119501969194e-01 1.850817625083231999e-01
9.441903590606732788e-01 4.649791568225867255e-01
1.535951448130952190e-01 8.382392068098606375e-01
1.849799858575150724e-01 5.412747798122576892e-01
4.854100447309785960e-01 5.132736559836130752e-01
2.660394414378443040e-01 3.192445181269265575e-04
5.491059988369687561e-01 2.003242433061158678e-01
8.587924135438842477e-01 2.789201228093265428e-01
7.220748102373193422e-01 4.597578994398826557e-01
8.492667042699952873e-02 3.315657617252907308e-01
8.711746044301421632e-01 9.763398661154528702e-01
6.313455590982608445e-01 6.450662216232373458e-01
6.181319595585849092e-01 7.381759569136840948e-01
9.265224018024178498e-01 9.516964532053097114e-01
1.492839304439230741e-01 5.810901048256543744e-01
4.129696442671390022e-01 1.944769547073569305e-01
6.142499579041647007e-01 7.852980835051311947e-01
2.952098798526952006e-01 7.763024987985313041e-01
1.405247261068730547e-01 3.607903184506789929e-01
5.103237240902703808e-01 1.789753505580440329e-01
7.471758105903024694e-01 7.526249989547425523e-01
4.233378392015970659e-01 3.764279358520693508e-01
7.980122640789385491e-01 2.522208295407857293e-02
9.868066589491135687e-01 1.412693520114352008e-01
5.037777410499959529e-01 3.628009056842693703e-01
3.966821625700888143e-01 3.249867496247432763e-01
4.364938057908746005e-01 8.836893750007970283e-01
7.377190391516001977e-01 6.912813358394398477e-02
1.432708194937099000e-01 6.274685638331423121e-01
4.318307929069781226e-01 8.143715086372859124e-01
6.933666659898864992e-01 9.887540742905114310e-01
7.902683617128607452e-01 9.315580950958672890e-01
1.188707260153377687e-01 2.206527846553881789e-01
5.416904261904558204e-01 9.709342601257857641e-01
6.834985244000966187e-01 8.137816515666115302e-01
7.974682776894599368e-01 4.452770752502109852e-01
8.072399718638811894e-01 7.758681885162814762e-01
2.374697867940464002e-01 7.428588557946441684e-01
8.042949228740325918e-02 6.802909845204494488e-01
4.471867284906214657e-01 5.016105026790418364e-02
4.810741042766019104e-01 2.161396730214641959e-01
8.905317185271965919e-02 1.073128707147943395e-01
1.810683840623820151e-01 6.805627667557776483e-01
1.600187518543976228e-01 4.019039531458815651e-01
3.880634526897493997e-01 7.375073848904079021e-02
3.993734264936339429e-01 6.188358498713903977e-01
7.513584779526777391e-01 8.537398789074188699e-01
7.153602875271214412e-01 1.903667024586500611e-01
9.093368610431233900e-01 2.499266459267962537e-01
5.310890986659082547e-01 8.639292242900274976e-01
4.636181643267425212e-01 8.244722281858501978e-01
5.486596968762142978e-01 7.013648015964576432e-01
9.514195180230184956e-01 5.083248999443024108e-01
3.938171350443430141e-01 8.739731268305392931e-01
4.408597213918027391e-01 2.665343589761361986e-01
9.408704271981334077e-01 6.301173512664927090e-01
9.411409167890619765e-01 7.320136022289386313e-01
9.343367995176409257e-01 7.458422167120215551e-01
6.640429160383098939e-02 3.719632722496618582e-01
3.175613888835838727e-01 6.185262444404371340e-02
3.306334277426511425e-01 8.481596391510625166e-01
5.229460067735262063e-01 6.864954941515933884e-01
7.414614960577552427e-01 7.083359183276536353e-01
5.590245945686125317e-01 9.817718460927585822e-01
5.246162250102335278e-01 1.313385278552287039e-01
7.734520691989668073e-01 4.769639707012583996e-01
2.346428759686280952e-01 9.505960715053541898e-01
7.500387651950357615e-02 4.851862682814207517e-01
2.345301739848941747e-01 5.751628329786362404e-01
9.698634759338337075e-01 7.419448633543476168e-01
2.254010089360778402e-01 6.535679024188023600e-01
6.732566182285991685e-01 1.563238214991202746e-01
6.095486072001294886e-01 9.341629930760337874e-01
5.556917898784539123e-01 1.545211629836793499e-01
6.547985968815285274e-01 8.129850015641238992e-01
5.659235633633981077e-01 5.762655022128002624e-01
7.698659021379130607e-01 7.323404251825788025e-01
8.982988275745645845e-01 6.532977295140639518e-01
5.533225215823870391e-01 8.154494956628957070e-01
5.874575933656799309e-01 2.731473836217546136e-02
2.437030642988744500e-01 8.444307416919968334e-01
9.274518081053846341e-01 6.848482259542751915e-01
1.876061353409311794e-01 2.754763948149558939e-01
3.392688350028121302e-01 3.506807964437611558e-01
2.216694879486216241e-01 1.188268366938159959e-01
4.648267949161924983e-01 3.277375463972621583e-01
6.426746851549661743e-01 9.996725153994052704e-01
7.188171479597604829e-02 8.094621454468753363e-02
2.959103081996996565e-01 9.962593763104344857e-01
9.466220846766478791e-01 5.305757718963683978e-01
1.513226731331208663e-01 4.078641489718992652e-01
4.015260877334952960e-01 4.682468150776464277e-01
1.972390843021898377e-01 3.054659661182060892e-01
4.625176860176311022e-01 8.865073194300358006e-01
1.239184340423825637e-01 1.578468722014242376e-01
4.579420080437364149e-01 9.322671378981484125e-02
2.615755328364537391e-01 9.420430549580662838e-01
5.870562749984343798e-01 2.172759592740518553e-01
3.645953816820298732e-01 3.274401341641116625e-01
8.624367693103072163e-01 9.805884408487067772e-01
9.289472196677566185e-01 7.210510899283344433e-01
7.896752753485349885e-01 4.153307153804929319e-01
3.915852392612227950e-01 7.387093986381797484e-01
3.399700173489684785e-01 8.748159386701029883e-01
6.861848612196397301e-02 4.146104908843327719e-01
4.025726419146123947e-01 8.651078189129626228e-01
2.372238983071796037e-01 3.187587477958471194e-01
3.388532671628520232e-01 3.253233032296232174e-02
4.209596348680672007e-01 1.068382675837079576e-01
8.392082064779070594e-01 6.512219217442876129e-01
6.405185342214456679e-01 7.089699488397465110e-01
1.779514792372581811e-01 2.293018718697825697e-02
5.714764394854587870e-02 9.126258791833984363e-01
7.328894631348834565e-01 9.801700625491371888e-01
4.344872529533956307e-01 2.981805517653302040e-01
9.028024528795094428e-01 7.758996346032991376e-01
6.741132601204963271e-01 7.218598422943942605e-01
4.545583163593517328e-01 6.611599933295418952e-01
9.916876275937474006e-01 2.392401974529568820e-01
2.960230316789980165e-02 9.586683806651430384e-02
5.163529896409322362e-01 5.501297882380505877e-01
3.571937076077938977e-01 2.546982532245671838e-01
6.525450735938675972e-01 4.086897565389079334e-01
3.791777835709736477e-01 2.547358020338413853e-01
2.748479702057385898e-01 4.160371092879856514e-01
6.123889171443213097e-01 9.996201328491870486e-01
6.422592563914726327e-01 9.784320772043848535e-01
5.235833981435639162e-01 6.031331231089094302e-01
5.414562975957266655e-01 7.059162784154682235e-02
7.070541622098451828e-01 8.515498056094700230e-01
5.168265144504715636e-01 5.105659071350130418e-01
1.112625698627367488e-02 5.797629142231200960e-01
7.167646579254878247e-01 5.192050498229267008e-01
5.926597032682471289e-01 4.792271022275464976e-01
4.180621317463171227e-01 8.977669185945746921e-01
1.553227209318495117e-01 1.021099272636687427e-01
3.096496371628298938e-02 2.350308274772959782e-01
9.907876153007733055e-01 6.879946465540347500e-01
8.839914760145672901e-03 6.122837037195196785e-01
7.226617254359316567e-01 8.125506024133833938e-01
2.063085396864814403e-01 4.791689313970848296e-02
7.752380558893648965e-01 1.739929799328765458e-01
9.882149529066752702e-01 9.545751831576658741e-01
5.031472917815542623e-01 4.057154822380075743e-01
2.241691574484747651e-01 5.110580091771177447e-01
9.483815798091421723e-01 7.390685580127530629e-01
6.696004193004699845e-01 5.198549005036987580e-01
8.929083542317706179e-01 1.115301442651913666e-01
4.943879244185984678e-01 2.108395172802146611e-01
6.319443674695699453e-01 5.901408011256183972e-01
1.271783994595608869e-01 6.684134105890210398e-01
3.954400741176058443e-01 8.688455397933460000e-01
8.746844068835932795e-01 1.889877705143330200e-01
9.194632387819302588e-01 9.644068059551947902e-01
7.321349087018491630e-01 5.859946589365956360e-01
7.547389263250032787e-01 2.321953273307805210e-01
8.181221926738218020e-01 2.779970933694336788e-01
4.168898787587010935e-01 3.556971004081184162e-01
3.217562852474604718e-01 7.711722155252730415e-01
5.037122629570177645e-01 2.865952669546252274e-01
5.544685691458208776e-01 4.287751761187796884e-02
3.853560204312826976e-01 6.292161513166433240e-01
1.376210800555955904e-01 3.236935302138788106e-02
6.706249278966539551e-01 5.156823812106361427e-01
1.313800616298395063e-01 9.087822978596054035e-01
9.188537797514287897e-01 1.659204191766399106e-01
8.959812817598858947e-01 8.388754705055071481e-01
6.699932299067402619e-01 3.487380711014920198e-01
8.209618847596005242e-01 1.066646078628613603e-01
8.709792962685000139e-01 8.685262494800199962e-01
6.012147823071313235e-01 1.712088131247673228e-01
8.915664479440668089e-01 1.260646308446604635e-01
5.122270395950526689e-01 7.401626797797613566e-01
9.296926024926299714e-02 1.710118522061208068e-01
8.655429205191150777e-01 6.459792792247751603e-01
9.086249842451844527e-01 6.790724889382802054e-01
4.014643408449571904e-01 8.313685495782242585e-01
3.818368299542368449e-01 4.569888339464589500e-03
7.958964559528618476e-01 1.822545869614672354e-01
8.691665795227798696e-02 6.519652028713857073e-01
8.437476566316766124e-01 9.944804965325970691e-01
5.318706457928237263e-01 3.377868033302275919e-01
6.698382460253171633e-02 7.618500702714511297e-01
4.458918844126195102e-01 6.655664893065887933e-01
5.188939299244724745e-01 1.101747258061785972e-01
1.273226291878989391e-01 1.087067181016014850e-01
6.956488653212161699e-01 7.077605318804972567e-01
6.976423912945169947e-01 1.075164655848938056e-01
9.891607200979042336e-01 2.664530479403753871e-01
5.234114026570013678e-01 1.060258836025711471e-01
2.269196175422506512e-01 8.732539325075501235e-01
1.888322365912658007e-01 7.036929353164815826e-01
6.340540206455484995e-01 5.492627971588648350e-02
6.925829772633483872e-01 4.365916179962894272e-01
1.737212371616509987e-01 5.084033070802407295e-03
5.921048551430565521e-01 3.588790209941540299e-01
8.225544878091679557e-01 9.573924999948746350e-02
3.164919659054854506e-02 8.768092109576297588e-02
3.378279098764210842e-01 2.511591726548259018e-01
8.156765343178890015e-01 9.957376102480943736e-01
3.691833151477371677e-01 8.385554036814353296e-01
9.889982975425326561e-02 5.814282775092892708e-01
1.588696256278677721e-01 2.891134465499638484e-01
8.755123252263572464e-01 2.214778347138960379e-01
5.897661500590011263e-01 1.106271031290005924e-01
2.087972406863745078e-01 3.632712785143396017e-01
2.983997110400047337e-01 4.656561556352246667e-01
7.660279481836631543e-01 3.520838720866600324e-01
8.744238385295973748e-01 5.938666551593306808e-01
6.711523020673226814e-01 8.362505724563562559e-02
6.926874675171115214e-01 5.377069604428763583e-01
1.559441322243674266e-01 6.463324682547244571e-01
4.969674467703659726e-01 1.243156467168924362e-01
6.094371370127082965e-02 8.857737799473746065e-01
5.926693843831132291e-02 4.809236204909290713e-01
7.556080089108362374e-01 2.991049259718639997e-01
9.043404503283274387e-01 7.630450365800395263e-01
1.929264366782578177e-01 3.486113912784402080e-01
2.160970467811230700e-01 1.283958492947184782e-01
4.898123919507397783e-01 2.581515350112149054e-01
7.280506836810494153e-01 8.071451397984120701e-01
9.451981231316538556e-01 8.332554443725928017e-01
4.884604948897286469e-02 6.426533045654991838e-01
9.184114196971729926e-01 5.869608573850232380e-01
7.001932743464054365e-01 4.153777301803831534e-01
9.660719739369610926e-01 9.219450092581101819e-01
9.488116960311989700e-01 3.186962211793474831e-01
5.328718049527400025e-01 6.399197277285864072e-01
4.698733186271306650e-01 4.103802356485786174e-01
5.538135824320326028e-01 6.797074154914715116e-01
3.793137016332757128e-01 7.588374642466007014e-01
6.005514593946196245e-01 7.015323330871039431e-01
9.835658732335452736e-01 5.980636800773133643e-01
6.757705743670738840e-03 6.214762770656943047e-01
2.302871501846293079e-01 9.147864938616613317e-01
6.171524457672398212e-01 7.637295041755695069e-01
7.247583112955134910e-01 9.318221483628427171e-01
3.276464701839456595e-01 9.313829981017631710e-01
1.046934452030553464e-01 4.706962136642085515e-01
7.383223311766109465e-01 7.885175658369480978e-02
4.759171516720704931e-01 1.067774599012727421e-02
5.986823089597698155e-01 5.361282140457155343e-01
2.518899817394735230e-01 2.801407330957733643e-01
7.221086939988209386e-01 5.169315144941734053e-01
5.882639841130364866e-01 9.344906620099481254e-01
2.131001071925097134e-01 8.937831503457073223e-01
5.448487050765284945e-01 4.812610187063737222e-02
6.945135849720391885e-01 2.673953094916126094e-01
9.902100439383203501e-01 4.105551623797076832e-01
8.176116300004786508e-01 1.663566320322802383e-01
4.796460029204229203e-01 1.442864485470860547e-01
3.849863874377812412e-01 7.623142202477111162e-01
1.973778095780363007e-01 4.088571621461721817e-01
5.274396544414070576e-01 5.679208862339725217e-01
2.601731378771747760e-01 4.448080996958611033e-01
8.914238774626519479e-01 4.986637424149107378e-01
6.995806861010922528e-01 9.764850512446014985e-01
7.024865933694173226e-01 1.552126996818405935e-01
7.849376223852292389e-01 8.457869395314064898e-01
8.665166692161935247e-01 2.168981079891474373e-02
1.917286625270532285e-01 2.533491394140071629e-01
5.655017972451614749e-02 6.494230658708413095e-01
4.378430173968406169e-02 7.214818077271534236e-02
3.422729381774720636e-01 9.435753623020706193e-01
6.122744580787653490e-03 1.676267914451541330e-01
9.532976525746360563e-01 8.976256028453620806e-01
6.587350160783422837e-02 9.122378698176114575e-01
8.508699224130242822e-01 5.974028135974591702e-01
7.000438716707659825e-01 8.964070156279979606e-03
8.621155259798167769e-01 2.633174064847039197e-01
4.463616312103656503e-01 5.212211649538645020e-01
9.526567697399320744e-01 8.447324954518053985e-01
6.491967426590882217e-01 7.639324007631963509e-01
8.652448256940206139e-01 2.947766346745384070e-02
4.425302516047580070e-01 9.829698525637050599e-01
3.432933237432694851e-01 2.579559968280876747e-01
9.129665635167593107e-01 7.753383543477563311e-01
6.723287138269594676e-01 5.737915722165812804e-01
8.348427243688424371e-01 2.777384600805791193e-01
6.067113898422260565e-02 8.981809203372658201e-01
1.496734143502517211e-01 2.685556048139626784e-01
3.496685897769051810e-01 5.952610062955292491e-01
7.907292856312007068e-01 6.723383426830543685e-01
6.632110027038884414e-02 4.074056044623269868e-01
7.817146745097888205e-01 5.783115937721006183e-01
8.040516691170774832e-01 5.259891283209663371e-01
5.283750836249084815e-01 8.020018034133878926e-01
2.516383000799210512e-01 1.276569707289709754e-01
7.996628852126990150e-01 9.245290589940935444e-01
1.020081913369265125e-01 1.252036204888160587e-01
4.904459032492048953e-01 2.108860394075579014e-01
7.553223227722416500e-02 4.493279728204435663e-01
2.292768678104500912e-01 8.229657358449377069e-01
2.842777110249637973e-01 8.800269212638467398e-02
1.568046364451147756e-01 2.296663529048964536e-01
8.954461335314489734e-01 7.891376671323668823e-02
7.575335114547686599e-01 3.496493602383353716e-01
1.069741558649468516e-01 5.065552768194512279e-01
3.733540964240411597e-01 7.629418398339377072e-01
9.182172794176013397e-02 8.456882051227359032e-01
9.818186343983591469e-01 6.168632169937827703e-01
7.743632090099785703e-01 4.215494384441414999e-01
5.951074359015248172e-01 4.888409892019370817e-01
7.629804611789680058e-01 5.401897698216195920e-03
1.830792531516874933e-01 5.172564136376449628e-01
6.806372703737768592e-01 5.201118253581882289e-02
4.426146287484227226e-01 2.484934484768722696e-01
1.424998714751846141e-01 5.431623598146706478e-01
3.265344415077373608e-01 5.436699888789300328e-01
3.480498901250989041e-01 5.035129402954743316e-01
4.104557014321675856e-01 6.901339165908559892e-02
2.494614420721597003e-02 7.901575668500226968e-02
8.836616359732333281e-01 2.514376888764835449e-02
7.173125293886406517e-01 9.478294071190498382e-01
2.377363455246501722e-01 6.292175327861665446e-01
8.787541657246347171e-01 9.354470801103331734e-01
3.241635063468408795e-01 8.894943802715871151e-02
7.091418833088052320e-01 6.665417729454203855e-01
2.448357330102260976e-01 3.502773894902130314e-01
6.586333011926036596e-01 7.214886769337772732e-01
2.424364588620243621e-01 6.335694198847415803e-01
9.860129337877997502e-01 7.653414561247120496e-01
9.537841231293709976e-01 1.612930057618514601e-01
6.337677536542396517e-01 7.842178627023508319e-01
9.612047616861185695e-02 8.909795129029361993e-01
8.252919073026132590e-01 2.296449263556167297e-01
2.845455432973615917e-01 7.034034150206496250e-01
5.568559570554465488e-01 9.810290244121905312e-01
1.804320664734686552e-01 7.690462322022252328e-01
3.123111063960382072e-01 1.463119291865094818e-01
6.888021437911799882e-01 4.114915470742921411e-01
1.562212960432187714e-01 2.549866426215693371e-01
9.987585143164574575e-01 5.347764791563736075e-02
4.658828849613019241e-01 2.281997959306469870e-02
8.230536425244620036e-01 3.277510871584426999e-01
7.164759957459380102e-01 6.022246441864830269e-01
3.679459260037338808e-01 7.748633886385857261e-01
7.700509446733710961e-01 6.143889798821022818e-02
2.438771478044616803e-01 7.946954317644695509e-01
2.644576424432906192e-01 6.694659299521878992e-01
2.035573017963754339e-03 1.270785087259642676e-01
6.187497500306885501e-01 1.189540911280900781e-01
2.746254600160569215e-02 5.658325788782144761e-01
5.079830403635656744e-01 3.969788027579157497e-02
3.472738693054081560e-01 9.076485944278741558e-01
6.324632811516822661e-01 1.403612075588287489e-01
1.285853533527491210e-01 1.852743232712799060e-01
5.852837411271963886e-01 6.703861116722140689e-01
6.668580483566921568e-02 1.745437174689946636e-01
8.052848565452147556e-01 3.023324022637319253e-01
1.772625390837290205e-02 4.707680697193002972e-01
7.034155829810729843e-01 6.152152960409636995e-01
3.299813498440145043e-01 8.604186185025465283e-01
4.548010501600036060e-01 1.838365852447213511e-01
8.922722928344829496e-01 4.629086979604939422e-01
1.026434676624778941e-01 2.305349777528420407e-02
1.759881123258758562e-01 8.688094656839198127e-01
7.458283587968249639e-01 5.120186908469206433e-01
