9.355741242327324514e-01
1.208113459130327749e+00
1.033296976753450114e+00
6.900657788500312861e-01
3.956925939829207817e-01
4.879848864569440448e-01
1.845624640920279669e+00
1.197790460740906893e+00
1.123702222987355004e-01
1.493781910238908939e+00
3.688719631129275811e-01
1.298916846658423330e+00
5.275269062365164352e-01
6.645232614084006784e-02
1.099486199420532939e+00
1.401766207424002264e-01
1.630891516889955817e+00
6.135733141625951959e-01
7.502383714911640133e-01
5.399560925495743291e-01
1.910132716235268369e+00
1.024137556700701834e+00
4.972487997024028772e-01
1.809633528683007864e+00
1.754901502068632935e+00
8.015141779758538920e-01
1.976647699763957711e+00
5.794236211708447826e-02
1.305866195167462385e+00
1.741143220441281114e+00
1.937382870612549102e+00
1.262202267809507950e+00
1.594322307139790507e-01
1.375137731866970858e+00
1.788808970702597145e+00
2.668271507827111311e-01
1.031772510916532104e+00
6.422466846798482454e-01
1.632585193291672621e+00
2.443457429859561270e-01
1.830837754873585244e+00
1.840878678437740001e+00
1.789838955715924662e+00
6.019673217036130008e-01
7.140077059314231533e-02
6.303889079153937036e-01
6.897977490924875887e-01
1.276827732844923347e+00
1.237052814402393341e+00
1.446616506128810764e+00
7.863475285786720725e-01
1.360543365707564512e+00
1.993351680384229052e+00
1.179215635538074070e+00
5.985457985879456544e-01
1.536533322742127172e+00
6.893602979600819136e-01
4.356740400527558954e-01
1.919184790857246803e-01
1.285578935897503827e+00
5.415665440600201386e-01
1.943696059770658291e+00
1.859870090246238394e-01
1.959328306918767915e+00
1.128090518316165136e+00
1.027745603072527825e+00
4.929174807170511041e-01
1.703995572506810330e+00
7.162788215970827821e-02
1.481200832693057023e+00
2.015117870541731637e-01
1.776566670005894188e+00
1.250769776128229704e+00
3.795536584559218163e-01
6.515097964347262849e-01
5.452855752538130485e-01
1.394173724065696840e+00
5.649794104095404723e-01
1.762409263178672969e+00
5.310508390144190738e-01
1.310854348640261069e+00
6.333894512311193381e-01
5.775574064673734132e-01
1.850810893324670525e+00
1.732022867048410353e+00
1.334854870334928556e+00
8.842180594360895540e-01
1.980483580805113109e+00
4.520394026683582922e-04
7.710792283957992321e-01
1.307213980985801660e+00
4.236736717323963397e-02
4.433753896772767433e-01
1.746382214140304479e+00
1.585159952089960411e+00
7.142641663492854676e-01
6.951716364224092004e-03
1.417699918326658981e+00
1.826713184470871720e-01
1.184647998527010859e-01
2.075810823819863593e-01
1.002080001582480673e+00
1.119051006502239654e+00
1.287036806442322323e+00
1.207014620203267219e+00
3.212315370740554954e-01
8.840338400001714891e-01
1.818536077252458139e+00
1.088478194304617563e+00
1.694400515288185582e+00
1.774699776761192727e+00
2.369239278766959167e-01
7.911951121067755111e-01
1.122855441869390347e-01
1.662698445255302859e+00
8.637203897294223331e-01
1.896865368073651137e+00
7.504775148440057109e-03
1.680552581555736502e+00
1.620742731421670690e+00
1.334617102053579751e+00
1.740629653787681308e+00
1.375048493133749883e+00
2.029131054582160587e-01
6.572516480228050018e-01
1.829436525994063256e+00
1.526536088323207085e+00
1.667993239064686550e+00
9.437648843934127729e-01
6.672879201910413283e-01
1.561755008267742273e+00
1.233665234432643754e-01
1.415444646776609083e-02
4.325057678591810451e-01
5.485808534246905399e-01
1.259328135160577400e+00
1.087984935012213272e+00
6.843259762258770973e-01
1.056076765459953215e+00
4.034620758323823608e-01
1.488335739041071637e+00
1.665434132182597393e+00
1.896705881363690116e+00
1.716044609785492669e+00
1.416626211601199836e+00
1.798996653985951211e+00
8.223928880036119882e-01
2.089243187253573275e-01
8.463728147603102325e-01
1.812846250966460460e+00
1.966665947251010627e+00
6.711484240636305110e-01
9.825493180204336596e-01
1.976409997455002454e+00
1.415871353571544589e+00
2.524673477815830847e-01
1.602712712397862171e+00
1.177134678016770852e+00
1.561191170045186150e+00
4.374819140126300354e-01
1.933760593567795949e+00
1.507897429256373156e+00
1.266820567048879687e+00
9.464601006507293857e-01
9.724045853223646230e-01
5.621839163311137533e-02
9.358711837697974989e-01
8.496775016536852743e-01
4.711403627779156000e-01
1.230524019231147514e+00
1.841587742528014715e+00
1.425851164831636542e+00
1.832897116955196193e+00
1.501536788870358574e+00
2.263243044416338723e-01
1.729388862997598864e+00
2.034729588767925090e-01
1.891068273520857268e-02
1.084371039855167140e+00
1.469025276573539873e+00
1.507650556777457851e-01
1.967161022460433006e+00
3.782700734158632727e-01
1.391266025230771142e+00
1.135234828431558984e+00
1.448842519783775318e+00
1.166240712702824700e+00
4.147002680492253290e-01
9.507891479422529990e-01
1.054359998543392685e-01
1.778879428191753487e+00
1.867913625243480480e+00
5.069402636782494032e-01
1.825212930153635726e+00
7.476402238083283969e-01
1.353836452037652460e+00
1.781111209405531248e+00
1.545809583769236717e+00
1.199124085883958024e-01
3.701143180271009303e-01
1.960864180774225529e+00
1.663283588684996150e-01
2.196591179442330954e-02
1.944248599123030496e+00
0.000000000000000000e+00
