8.564982523695354732e-01
5.914262504889215011e-01
1.080116894063171351e+00
1.090735059017614805e+00
9.002301587183374476e-01
1.186196047504039175e+00
9.968446871475910021e-01
1.437455945989973394e+00
1.238673963339607553e+00
1.382090799877832676e+00
6.289656184763888769e-01
1.328051563233976440e+00
7.798480714441152761e-01
7.016861665499832812e-01
9.635241096934639149e-01
5.464799181295663111e-01
1.059232461096849542e+00
6.037164616491370595e-01
8.816878883427150537e-01
7.330379671292648336e-01
